"/reqid=f93989f18ad6ab36942257efd24f1496/path=690.2096.207/slots=176965,0,-1;186113,0,-1;65472,"
"0,-1;157721,0,-1;176266,0,2;145109,0,54;166973,0,24;161163,0,84;156007,0,55;131936,0,43;131972"
",0,92;109335,0,80;108959,0,2;100597,0,75;127242,0,83;82098,0,49;118435,0,14;125988,0,0;147814,"
"0,79;55539,0,55;148930,0,35;146770,0,78;152513,0,96/vars=143=28.1207.2243,287=213,1042=Mozilla"
"%2F5.0%20(Windows%20NT%206.1%3B%20Win64%3B%20x64)%20AppleWebKit%2F537.36%20(KHTML%2C%20like%20"
"Gecko)%20Chrome%2F78.0.3904.108%20Safari%2F537.36,143.2129=1574623345092,143.2112=51,143.2119="
"428,1701=3036,207=927.255/cts=1574623346033/*\r\n"
"/reqid=f93989f18ad6ab36942257efd24f1496/dtype=stred/pid=1/cid=72202/path=690.1033/slots=176965"
",0,-1;186113,0,-1;65472,0,-1;157721,0,-1;176266,0,2;145109,0,54;166973,0,24;161163,0,84;156007"
",0,55;131936,0,43;131972,0,92;109335,0,80;108959,0,2;100597,0,75;127242,0,83;82098,0,49;118435"
",0,14;125988,0,0;147814,0,79;55539,0,55;148930,0,35;146770,0,78;152513,0,96/vars=143=28.1207.2"
"243,287=213,1042=Mozilla%2F5.0%20(Windows%20NT%206.1%3B%20Win64%3B%20x64)%20AppleWebKit%2F537."
"36%20(KHTML%2C%20like%20Gecko)%20Chrome%2F78.0.3904.108%20Safari%2F537.36,2129=1574623345092,1"
"036=51,1037=0,1038=0,1039=377,1040=2,1040.906=379,1310.2084=85,1310.2085=180,1310.1309=150,131"
"0.1007=350,2299=5,2130=652,1041=224,1041.906=601,2116=51,2114=51,2131=928,2123=778,2770=608,27"
"69=513,2113=51,2112=51,2111=51,2117=53,2120=430,2119=428,1484=1,770.76=1,2437=2771,2870=4g/cts"
"=1574623346035/*\r\n"
"/reqid=f93989f18ad6ab36942257efd24f1496/path=690.2096.207/slots=176965,0,-1;186113,0,-1;65472,"
"0,-1;157721,0,-1;176266,0,2;145109,0,54;166973,0,24;161163,0,84;156007,0,55;131936,0,43;131972"
",0,92;109335,0,80;108959,0,2;100597,0,75;127242,0,83;82098,0,49;118435,0,14;125988,0,0;147814,"
"0,79;55539,0,55;148930,0,35;146770,0,78;152513,0,96/vars=143=28.1207.2243,287=213,1042=Mozilla"
"%2F5.0%20(Windows%20NT%206.1%3B%20Win64%3B%20x64)%20AppleWebKit%2F537.36%20(KHTML%2C%20like%20"
"Gecko)%20Chrome%2F78.0.3904.108%20Safari%2F537.36,143.2129=1574623345092,143.2112=51,143.2119="
"428,1701=1926.2793,207=652.73/cts=1574623346035/*\r\n"
"/reqid=f93989f18ad6ab36942257efd24f1496/path=690.2096.207/slots=176965,0,-1;186113,0,-1;65472,"
"0,-1;157721,0,-1;176266,0,2;145109,0,54;166973,0,24;161163,0,84;156007,0,55;131936,0,43;131972"
",0,92;109335,0,80;108959,0,2;100597,0,75;127242,0,83;82098,0,49;118435,0,14;125988,0,0;147814,"
"0,79;55539,0,55;148930,0,35;146770,0,78;152513,0,96/vars=143=28.1207.2243,287=213,1042=Mozilla"
"%2F5.0%20(Windows%20NT%206.1%3B%20Win64%3B%20x64)%20AppleWebKit%2F537.36%20(KHTML%2C%20like%20"
"Gecko)%20Chrome%2F78.0.3904.108%20Safari%2F537.36,143.2129=1574623345092,143.2112=51,143.2119="
"428,1701=1926.2794,207=652.73/cts=1574623346035/*\r\n"
"/reqid=f93989f18ad6ab36942257efd24f1496/path=690.2096.207/slots=176965,0,-1;186113,0,-1;65472,"
"0,-1;157721,0,-1;176266,0,2;145109,0,54;166973,0,24;161163,0,84;156007,0,55;131936,0,43;131972"
",0,92;109335,0,80;108959,0,2;100597,0,75;127242,0,83;82098,0,49;118435,0,14;125988,0,0;147814,"
"0,79;55539,0,55;148930,0,35;146770,0,78;152513,0,96/vars=143=28.1207.2243,287=213,1042=Mozilla"
"%2F5.0%20(Windows%20NT%206.1%3B%20Win64%3B%20x64)%20AppleWebKit%2F537.36%20(KHTML%2C%20like%20"
"Gecko)%20Chrome%2F78.0.3904.108%20Safari%2F537.36,143.2129=1574623345092,143.2112=51,143.2119="
"428,1701=2876,207=946.17/cts=1574623346038/*\r\n"
"/reqid=f93989f18ad6ab36942257efd24f1496/path=690.2096.2335.1822/slots=176965,0,-1;186113,0,-1;"
"65472,0,-1;157721,0,-1;176266,0,2;145109,0,54;166973,0,24;161163,0,84;156007,0,55;131936,0,43;"
"131972,0,92;109335,0,80;108959,0,2;100597,0,75;127242,0,83;82098,0,49;118435,0,14;125988,0,0;1"
"47814,0,79;55539,0,55;148930,0,35;146770,0,78;152513,0,96/vars=143=28.1207.2243,287=213,1042=M"
"ozilla%2F5.0%20(Windows%20NT%206.1%3B%20Win64%3B%20x64)%20AppleWebKit%2F537.36%20(KHTML%2C%20l"
"ike%20Gecko)%20Chrome%2F78.0.3904.108%20Safari%2F537.36,1822=mskm/cts=1574623346043/*"
