"/reqid=8e5a150d8994e4299f728751c81ee8fb/path=690.2096.207/slots=176965,0,-1;186113,0,-1;65472,"
"0,-1;157721,0,-1;176266,0,2;145109,0,54;166973,0,24;161163,0,84;156007,0,55;131936,0,43;131972"
",0,92;109335,0,80;108959,0,2;100597,0,75;127242,0,83;82098,0,49;118435,0,14;125988,0,0;147814,"
"0,79;55539,0,55;148930,0,35;146770,0,78;152513,0,96/vars=143=28.1207.2243,287=213,1042=Mozilla"
"%2F5.0%20(Windows%20NT%206.1%3B%20Win64%3B%20x64)%20AppleWebKit%2F537.36%20(KHTML%2C%20like%20"
"Gecko)%20Chrome%2F78.0.3904.108%20Safari%2F537.36,143.2129=1574623222741,143.2112=18,143.2119="
"249,1701=2876,207=1039.97/cts=1574623223781/*\r\n"
"/reqid=8e5a150d8994e4299f728751c81ee8fb/path=690.2096.2335.1822/slots=176965,0,-1;186113,0,-1;"
"65472,0,-1;157721,0,-1;176266,0,2;145109,0,54;166973,0,24;161163,0,84;156007,0,55;131936,0,43;"
"131972,0,92;109335,0,80;108959,0,2;100597,0,75;127242,0,83;82098,0,49;118435,0,14;125988,0,0;1"
"47814,0,79;55539,0,55;148930,0,35;146770,0,78;152513,0,96/vars=143=28.1207.2243,287=213,1042=M"
"ozilla%2F5.0%20(Windows%20NT%206.1%3B%20Win64%3B%20x64)%20AppleWebKit%2F537.36%20(KHTML%2C%20l"
"ike%20Gecko)%20Chrome%2F78.0.3904.108%20Safari%2F537.36,1822=mskm/cts=1574623223783/*\r\n"
"/reqid=8e5a150d8994e4299f728751c81ee8fb/path=690.2096.207/slots=176965,0,-1;186113,0,-1;65472,"
"0,-1;157721,0,-1;176266,0,2;145109,0,54;166973,0,24;161163,0,84;156007,0,55;131936,0,43;131972"
",0,92;109335,0,80;108959,0,2;100597,0,75;127242,0,83;82098,0,49;118435,0,14;125988,0,0;147814,"
"0,79;55539,0,55;148930,0,35;146770,0,78;152513,0,96/vars=143=28.1207.2243,287=213,1042=Mozilla"
"%2F5.0%20(Windows%20NT%206.1%3B%20Win64%3B%20x64)%20AppleWebKit%2F537.36%20(KHTML%2C%20like%20"
"Gecko)%20Chrome%2F78.0.3904.108%20Safari%2F537.36,143.2129=1574623222741,143.2112=18,143.2119="
"249,1701=1724,207=1104.21/cts=1574623223845/*\r\n"
"/reqid=8e5a150d8994e4299f728751c81ee8fb/path=690.2096.2748/slots=176965,0,-1;186113,0,-1;65472"
",0,-1;157721,0,-1;176266,0,2;145109,0,54;166973,0,24;161163,0,84;156007,0,55;131936,0,43;13197"
"2,0,92;109335,0,80;108959,0,2;100597,0,75;127242,0,83;82098,0,49;118435,0,14;125988,0,0;147814"
",0,79;55539,0,55;148930,0,35;146770,0,78;152513,0,96/vars=143=28.1207.2243,287=213,1042=Mozill"
"a%2F5.0%20(Windows%20NT%206.1%3B%20Win64%3B%20x64)%20AppleWebKit%2F537.36%20(KHTML%2C%20like%2"
"0Gecko)%20Chrome%2F78.0.3904.108%20Safari%2F537.36,2748=yastatic.net!11!725836;ysa-static.pass"
"port.yandex.net!1!;mc.yandex.ru!2!;mc.admetrica.ru!1!;/cts=1574623223850/*\r\n"
"/reqid=8e5a150d8994e4299f728751c81ee8fb/path=690.2096.2892/slots=176965,0,-1;186113,0,-1;65472"
",0,-1;157721,0,-1;176266,0,2;145109,0,54;166973,0,24;161163,0,84;156007,0,55;131936,0,43;13197"
"2,0,92;109335,0,80;108959,0,2;100597,0,75;127242,0,83;82098,0,49;118435,0,14;125988,0,0;147814"
",0,79;55539,0,55;148930,0,35;146770,0,78;152513,0,96/vars=143=28.1207.2243,287=213,1042=Mozill"
"a%2F5.0%20(Windows%20NT%206.1%3B%20Win64%3B%20x64)%20AppleWebKit%2F537.36%20(KHTML%2C%20like%2"
"0Gecko)%20Chrome%2F78.0.3904.108%20Safari%2F537.36,2116=122.31,2114=29.435,2886=32989,2124=110"
"4.035,2131=864.455,2123=686.18,2770=497.21,2113=29.435,2112=17.99,2136=1113.05,2887=8424,2888="
"navigation,2111=3.425,2889=navigation,2126=1113.05,2125=1104.065,2890=http%2F1.1,1385=0,2110=0"
",2109=0,2117=122.4,2120=250.705,2119=249.48,2115=60.175,2322=0,2323=10995,76=navigate,2128=0,2"
"127=0,2137=0,2437=2771,2870=4g/cts=1574623223885/*"
