"{\"models\":[{\"name\":\"message-body\",\"params\":{\"ids\":\"166633186212708451\",\"is_spam\""
":\"false\",\"raw\":\"false\",\"frequency\":\"0\",\"draft\":\"false\"}}],\"_ckey\":\"LAOHVN5/QV"
"emdMWYWvuRdg0R6jI=!k3eth1g7\",\"_uid\":\"586221334\",\"_locale\":\"ru\",\"_timestamp\":1574623"
"262493,\"_product\":\"RUS\",\"_connection_id\":\"LIZA-88874651-1574623259044\",\"_exp\":\"1897"
"45,0,19;139071,0,85;142275,0,69;136883,0,38;135611,0,60;140619,0,14;160546,0,63;160678,0,44;12"
"1622,0,22;185126,0,48;100970,0,14;158581,0,24;94810,0,40;189178,0,14;137858,0,95;165347,0,99;1"
"55721,0,57;155476,0,79;62697,0,78;189014,0,29;169671,0,45;182410,0,52;182406,0,54\",\"_eexp\":"
"\"189745,0,19;139071,0,85;142275,0,69;136883,0,38;135611,0,60;140619,0,14;160546,0,63;160678,0"
",44;185126,0,48;100970,0,14;158581,0,24;94810,0,40;189178,0,14;137858,0,95;165347,0,99;62697,0"
",78;189014,0,29;169671,0,45;182410,0,52;182406,0,54\",\"_service\":\"LIZA\",\"_version\":\"19."
"8.1\",\"_messages_per_page\":\"30\",\"_csw\":0}"
